[0, 3, 4, 12, 13, 14, 15, 18, 19, 43, 44, 45, 46, 60, 151, 152, 153, 163, 164, 165, 175, 176, 207, 234, 248, 249, 253, 273, 312, 313, 322, 323, 370, 372, 373]
[1, 2]
[5, 7, 136, 137, 341, 342, 343]
[6, 189, 190, 191, 192]
[8, 9, 10, 11]
[16, 17, 28, 260, 364]
[20, 21, 23, 231, 232, 267, 286, 287]
[22, 29, 30, 31, 32, 33, 34, 35, 49, 50, 52, 75, 108, 215, 216, 217, 218, 219, 220, 306, 368, 369]
[24, 25, 26, 27, 103, 104, 123, 124, 196, 197, 233, 250, 272, 294, 295, 296, 305, 314, 315, 316]
[36, 37, 304]
[38, 39, 172, 173, 174, 281]
[40, 41, 240, 241, 242, 243]
[42, 274, 275, 276]
[47, 48, 180, 181, 182, 225]
[51, 116, 169, 265, 266, 335, 363]
[53, 54]
[55, 56, 65, 99, 109, 110, 193, 194, 195]
[57, 58, 59, 303, 356, 357, 358]
[61, 62, 63]
[64, 263, 264, 298, 299, 300, 301, 344, 345]
[66, 67, 68, 73, 74, 79, 80, 120, 121, 122, 247, 284, 362]
[69, 70, 71, 72, 118, 213, 302, 327, 328, 347, 348, 349, 350, 377, 378]
[76, 77, 78]
[81, 82, 83, 84, 85, 86, 87, 88, 105, 259, 261, 262]
[89, 90, 91, 129, 130, 131, 132, 133, 187]
[92, 93, 94, 95, 96, 97, 98, 140, 285, 361]
[100, 102, 310]
[101, 158, 279, 280, 359, 360]
[106, 282, 283, 371]
[107, 154, 155, 156, 157]
[111, 112, 113, 114, 134, 135, 188, 258, 311, 351, 352, 353, 354, 355]
[115, 317, 318, 319, 320]
[117, 119, 208]
[125, 126, 127, 128, 326, 329]
[138, 139, 228, 229]
[141, 142, 143, 144]
[145, 146, 147]
[148, 149, 150, 268, 269, 270, 271, 292, 293]
[159, 160, 161, 162, 321]
[166, 167, 168, 204, 288, 289, 290, 291]
[170, 171, 324, 346]
[177, 178, 179]
[183, 184, 185, 186, 308, 309]
[198, 199, 200, 201, 202, 203, 244, 251, 252, 257, 297]
[205, 206, 374, 375, 376]
[209, 210, 212, 214]
[211, 221, 222, 223, 224]
[226, 227]
[230, 235, 236, 237, 238, 239, 245, 246, 256, 325]
[254, 255]
[277, 278]
[307, 336]
[330, 331, 332, 333, 334, 365, 366, 367]
[337, 338]
[339, 340]
