[0, 1, 2, 89, 90, 91, 111, 112, 113, 114, 129, 130, 131, 132, 133, 134, 135, 187, 188, 258, 311, 346, 351, 352, 353, 354, 355]
[3, 4, 12, 13, 14, 15, 18, 19, 43, 44, 45, 46, 60, 125, 126, 127, 128, 145, 146, 147, 151, 152, 153, 163, 164, 165, 175, 176, 207, 248, 249, 273, 277, 278, 312, 313, 322, 323, 326, 329, 330, 331, 332, 333, 334, 339, 340, 365, 366, 367, 370, 372, 373]
[5, 6, 7, 61, 62, 63, 64, 136, 137, 189, 190, 191, 192, 263, 264, 298, 299, 300, 301, 341, 342, 343, 344, 345]
[8, 9, 10, 11, 66, 67, 68, 69, 70, 71, 72, 74, 79, 80, 117, 118, 119, 120, 121, 122, 208, 209, 210, 211, 212, 213, 214, 221, 222, 223, 224, 247, 284, 302, 327, 328, 347, 348, 349, 350, 362, 377, 378]
[16, 17, 28, 57, 170, 171, 198, 199, 200, 201, 202, 203, 251, 252, 253, 257, 260, 297, 324, 364]
[20, 21, 22, 23, 53, 54, 76, 77, 78, 108, 138, 139, 205, 206, 219, 220, 226, 227, 228, 229, 231, 232, 267, 286, 287, 374, 375, 376]
[24, 25, 26, 27, 103, 104, 106, 107, 123, 124, 154, 155, 156, 157, 196, 197, 233, 250, 254, 255, 272, 282, 283, 294, 295, 296, 305, 314, 315, 316, 371]
[29, 30, 31, 32, 33, 34, 35, 49, 50, 51, 52, 75, 159, 160, 161, 162, 166, 167, 168, 169, 204, 215, 216, 217, 218, 265, 266, 288, 289, 290, 291, 306, 321, 335, 363, 368, 369]
[36, 37, 58, 59, 303, 304, 356, 357, 358]
[38, 39, 172, 173, 174, 230, 234, 235, 236, 237, 238, 239, 244, 245, 246, 256, 281, 325]
[40, 41, 42, 240, 241, 242, 243, 274, 275, 276]
[47, 48, 73, 180, 181, 182, 225]
[55, 56, 65, 99, 100, 101, 102, 109, 110, 141, 142, 143, 144, 158, 193, 194, 195, 279, 280, 310, 359, 360]
[81, 82, 83, 84, 85, 86, 87, 88, 105, 259, 261, 262]
[92, 93, 94, 95, 96, 97, 98, 140, 177, 178, 179, 285, 307, 336, 337, 338, 361]
[115, 116, 317, 318, 319, 320]
[148, 149, 150, 268, 269, 270, 271, 292, 293]
[183, 184, 185, 186, 308, 309]
